re	sgRNA	Negative|beta	Negative|z	Negative|p-value	Negative|fdr	Negative|wald-p-value	Negative|wald-fdr	Low|beta	Low|z	Low|p-value	Low|fdr	Low|wald-p-value	Low|wald-fdr	Medium|beta	Medium|z	Medium|p-value	Medium|fdr	Medium|wald-p-value	Medium|wald-fdr	High|beta	High|z	High|p-value	High|fdr	High|wald-p-value	High|wald-fdr
RE106	59	0.0082827	0.2936	0.85252	0.93307	0.76907	0.93353	0.015923	0.56392	0.48201	0.8046	0.57281	0.99032	0.0019914	0.07064	0.7554	0.86777	0.94368	0.994	-0.01461	-0.51819	0.29856	0.47159	0.60432	0.98292
RE66	47	0.014424	0.4287	0.78417	0.89024	0.66814	0.92585	0.018663	0.55424	0.42806	0.78125	0.57942	0.99032	0.016684	0.49618	0.35252	0.60494	0.61977	0.994	0.0090754	0.26988	0.47482	0.62264	0.78725	0.98292
RE127	256	0.14899	8.8673	0	0	7.4915e-19	5.2066e-17	-0.029803	-1.7701	0	0	0.076706	0.99032	-0.067149	-3.9944	0	0	6.4849e-05	0.0018028	-0.10266	-6.105	0	0	1.0279e-09	2.146e-08
RE79	61	0.034971	1.4172	0.02518	0.092105	0.15642	0.60396	0.024139	0.97708	0.10432	0.42647	0.32853	0.99032	-0.0075993	-0.30815	0.17986	0.40323	0.75797	0.994	0.016855	0.68356	0.11511	0.25735	0.49425	0.98292
RE45	60	-0.10363	-3.5396	0	0	0.00040075	0.0032767	0.0374	1.2775	0	0	0.20143	0.99032	0.10561	3.6123	0	0	0.00030353	0.0048231	0.13352	4.5674	0	0	4.9384e-06	5.7203e-05
RE87	84	0.088241	3.7	0	0	0.00021561	0.0018731	0.0071261	0.29843	0.98921	0.98921	0.76538	0.99032	-0.028064	-1.1768	0	0	0.23926	0.994	-0.042573	-1.785	0	0	0.074262	0.35595
RE76	76	-0.0024784	-0.10598	0.22302	0.44286	0.9156	0.96359	0.0047289	0.20209	0.85612	0.97761	0.83985	0.99032	-0.0068973	-0.2951	0.13309	0.34906	0.76792	0.994	-0.007888	-0.33747	0.41367	0.59896	0.73576	0.98292
RE96	57	0.25647	6.1686	0	0	6.8879e-10	1.1291e-08	0.0083374	0.20012	0.92446	0.97761	0.84138	0.99032	-0.15224	-3.6567	0	0	0.00025549	0.0048231	-0.48411	-11.601	0	0	4.0782e-31	5.6687e-29
RE15	66	0.020989	0.79946	0.39209	0.61798	0.42402	0.90676	-0.0083446	-0.31748	0.18345	0.57955	0.75088	0.99032	-0.0027253	-0.10387	0.40647	0.65517	0.91727	0.994	0.011256	0.42903	0.30576	0.47753	0.6679	0.98292
RE114	67	-0.0065488	-0.2497	0.16547	0.37097	0.80282	0.93774	-0.010884	-0.41478	0.1259	0.46053	0.67831	0.99032	0.007608	0.29023	0.89209	0.94656	0.77164	0.994	0.010134	0.38657	0.3741	0.55319	0.69907	0.98292
RE51	21	-0.38845	-5.7577	0	0	8.5267e-09	1.0775e-07	0.014506	0.2154	0.67626	0.90654	0.82946	0.99032	0.15256	2.2699	0	0	0.023214	0.24821	0.25041	3.7271	0	0	0.00019372	0.0019234
RE122	54	0.040399	1.2507	0.032374	0.10714	0.21105	0.69847	0.0089656	0.27728	0.92086	0.97761	0.78157	0.99032	-0.024291	-0.75227	0.010791	0.05	0.45189	0.994	-0.0087636	-0.27141	0.43885	0.60784	0.78608	0.98292
RE56	29	-0.011767	-0.2724	0.2446	0.46575	0.78532	0.93353	0.044727	1.0349	0.053957	0.3125	0.30071	0.99032	-0.044543	-1.0316	0.014388	0.0625	0.30225	0.994	-0.15047	-3.4829	0	0	0.00049605	0.0045967
RE40	43	0.015303	0.49409	0.70504	0.83051	0.62124	0.92585	-0.015232	-0.49145	0.079137	0.37931	0.62311	0.99032	-0.010346	-0.33415	0.19065	0.42063	0.73826	0.994	-0.031133	-1.0055	0.021583	0.071429	0.31467	0.94315
RE78	39	0.019384	0.56958	0.57914	0.77523	0.56897	0.92585	-0.0060177	-0.17664	0.3777	0.72917	0.8598	0.99032	-5.8682e-05	-0.0017254	0.66547	0.82301	0.99862	0.99937	0.0087485	0.25723	0.57914	0.7087	0.797	0.98292
RE52	77	-0.27546	-8.2575	0	0	1.4872e-16	6.8906e-15	0.081587	2.4493	0	0	0.014315	0.49743	0.1703	5.1217	0	0	3.0284e-07	2.1048e-05	0.20615	6.2006	0	0	5.6247e-10	1.5637e-08
RE65	78	0.020683	0.86198	0.30935	0.5443	0.3887	0.9045	0.0082083	0.34187	0.92446	0.97761	0.73245	0.99032	-0.010808	-0.4506	0.089928	0.26596	0.65228	0.994	-0.013224	-0.5513	0.16906	0.30128	0.58143	0.98292
RE17	71	-0.0028027	-0.097241	0.27698	0.51299	0.92254	0.96359	0.015625	0.54174	0.42806	0.78125	0.58799	0.99032	0.026878	0.93327	0.068345	0.23171	0.35068	0.994	-0.0041902	-0.14547	0.64748	0.77586	0.88434	0.98361
RE49	80	-0.25914	-7.6348	0	0	2.2614e-14	7.8583e-13	0.059275	1.7481	0	0	0.080453	0.99032	0.16545	4.8868	0	0	1.025e-06	4.7493e-05	0.23208	6.8558	0	0	7.0923e-12	2.4646e-10
RE137	54	0.027448	0.97156	0.17986	0.39683	0.33127	0.88551	-0.006897	-0.24388	0.28777	0.7193	0.80732	0.99032	-0.0073978	-0.26198	0.26619	0.52083	0.79334	0.994	0.0078834	0.27918	0.46763	0.62264	0.78011	0.98292
RE38	82	-0.030779	-1.4576	0	0	0.14496	0.59262	0.016262	0.76983	0.34532	0.72388	0.4414	0.99032	0.019325	0.91568	0.14748	0.35965	0.35983	0.994	0.027495	1.3028	0.010791	0.039474	0.19263	0.74376
RE82	38	0.039861	1.1323	0.046763	0.1413	0.25751	0.77813	0.0072328	0.20525	0.96043	0.98162	0.83738	0.99032	0.00011471	0.0032598	0.70144	0.83333	0.9974	0.99937	-0.0056357	-0.16015	0.74101	0.81746	0.87276	0.98361
RE93	92	0.12645	5.276	0	0	1.32e-07	1.529e-06	0.047227	1.9691	0.0071942	0.066667	0.048938	0.97178	-0.037313	-1.5568	0.0035971	0.02	0.11953	0.79116	-0.23528	-9.8092	0	0	1.0273e-22	7.1398e-21
RE126	67	0.036805	1.5077	0.064748	0.19149	0.13164	0.58153	-0.005584	-0.2285	0.28058	0.7193	0.81925	0.99032	-0.038641	-1.5833	0	0	0.11335	0.78775	-0.061726	-2.5288	0	0	0.011444	0.079534
RE61	126	0.134	6.1592	0	0	7.311e-10	1.1291e-08	-0.013972	-0.64104	0.035971	0.2381	0.5215	0.99032	-0.064841	-2.9793	0	0	0.0028894	0.036511	-0.087644	-4.0263	0	0	5.6668e-05	0.00060591
RE80	43	0.0039371	0.11858	0.60432	0.77523	0.90561	0.96359	0.0058402	0.17576	0.93885	0.97761	0.86048	0.99032	-0.011255	-0.33919	0.17266	0.39344	0.73447	0.994	-0.040252	-1.2128	0.0035971	0.015625	0.22521	0.79317
RE13	79	0.019931	0.85749	0.35971	0.60241	0.39118	0.9045	0.0029284	0.12589	0.69424	0.90654	0.89982	0.99032	-0.014363	-0.61819	0.010791	0.05	0.53645	0.994	-0.03369	-1.4499	0	0	0.14708	0.58411
RE55	113	-0.11328	-4.827	0	0	1.386e-06	1.4819e-05	0.10979	4.6808	0	0	2.857e-06	0.0001866	0.039329	1.6786	0	0	0.093225	0.72423	-0.064548	-2.7534	0	0	0.0058978	0.043147
RE85	100	0.16128	6.5014	0	0	7.9573e-11	1.8434e-09	-0.054125	-2.1748	0	0	0.029645	0.68677	-0.089516	-3.6049	0	0	0.00031229	0.0048231	-0.138	-5.5548	0	0	2.7797e-08	4.2931e-07
RE1	10	0.034663	0.43611	0.44604	0.66667	0.66276	0.92585	0.037923	0.47674	0.26619	0.7193	0.63355	0.99032	0.039404	0.49609	0.21223	0.45455	0.61983	0.994	0.021795	0.27436	0.44245	0.60784	0.78381	0.98292
RE25	37	0.042937	1.4204	0.10072	0.27451	0.15549	0.60396	0.021119	0.69808	0.44964	0.78125	0.48512	0.99032	0.016465	0.5449	0.46403	0.73295	0.58582	0.994	0.015667	0.51848	0.31295	0.47802	0.60412	0.98292
RE84	104	0.022422	1.0781	0.14029	0.33051	0.281	0.83103	0.014415	0.69253	0.35971	0.72464	0.4886	0.99032	-0.0033079	-0.15913	0.22302	0.46269	0.87356	0.994	-0.016216	-0.78002	0.014388	0.05	0.43538	0.98292
RE121	75	0.049595	1.9213	0	0	0.054689	0.28155	-0.015528	-0.60085	0.0071942	0.066667	0.54794	0.99032	-0.051768	-2.0058	0	0	0.044875	0.41584	-0.052312	-2.0268	0	0	0.042678	0.22816
RE105	159	0.028448	1.7376	0	0	0.082281	0.40847	0.0072279	0.44109	0.97122	0.9854	0.65915	0.99032	0.0082275	0.50281	0.57554	0.79703	0.6151	0.994	-0.0062597	-0.38251	0.27338	0.44186	0.70209	0.98292
RE98	28	0.053763	1.3264	0.032374	0.10714	0.1847	0.62618	0.0028474	0.070184	0.88489	0.97761	0.94405	0.99032	-0.0036534	-0.090161	0.53957	0.78125	0.92816	0.994	-0.0037924	-0.09359	0.86331	0.92279	0.92543	0.98361
RE53	60	-0.1011	-2.9816	0	0	0.0028671	0.018115	0.056103	1.6547	0	0	0.097976	0.99032	0.068035	2.009	0	0	0.044541	0.41584	0.069765	2.06	0	0	0.039398	0.21905
RE64	70	0.024972	1.011	0.26978	0.50676	0.31202	0.88512	-0.0031158	-0.12603	0.41727	0.78125	0.89971	0.99032	-0.0074812	-0.30302	0.21583	0.45455	0.76187	0.994	-0.026026	-1.0541	0.039568	0.11	0.29186	0.922
RE30	126	-0.0034131	-0.19264	0.13309	0.31897	0.84724	0.95745	-0.0077079	-0.43466	0.086331	0.3871	0.66381	0.99032	0.0031105	0.17568	0.70863	0.83475	0.86055	0.994	0.012769	0.7212	0.1259	0.25735	0.47079	0.98292
RE48	64	-0.035607	-1.1857	0	0	0.23573	0.762	0.066476	2.2131	0	0	0.026892	0.68677	0.049994	1.667	0	0	0.095522	0.72423	0.027435	0.91461	0.010791	0.039474	0.3604	0.969
RE89	28	0.020615	0.62476	0.57914	0.77523	0.53213	0.92585	0.02576	0.7801	0.34173	0.72388	0.43533	0.99032	-0.0090497	-0.2744	0.31295	0.57143	0.78378	0.994	-0.025493	-0.7729	0.1259	0.25735	0.43958	0.98292
RE67	44	0.016088	0.51328	0.66187	0.80702	0.60776	0.92585	0.015566	0.4964	0.51079	0.80682	0.61961	0.99032	-0.0078458	-0.25039	0.29856	0.56081	0.80229	0.994	0.0011997	0.038287	0.94245	0.94928	0.96946	0.98361
RE46	63	-0.1986	-5.7932	0	0	6.9056e-09	9.5987e-08	0.013673	0.399	0.56835	0.83158	0.68989	0.99032	0.11753	3.435	0	0	0.00059249	0.0082356	0.20856	6.097	0	0	1.0807e-09	2.146e-08
RE90	99	0.011542	0.53895	0.88489	0.94697	0.58992	0.92585	0.010116	0.47187	0.7518	0.95	0.63702	0.99032	-0.012045	-0.5628	0.16187	0.375	0.57357	0.994	-0.027409	-1.2805	0.14029	0.27083	0.20036	0.75271
RE31	72	0.026697	1.0174	0.22302	0.44286	0.30895	0.88512	-0.0081947	-0.31204	0.23381	0.67708	0.75501	0.99032	-0.021875	-0.83394	0.07554	0.24419	0.40431	0.994	-0.046003	-1.7536	0.02518	0.077778	0.079503	0.36836
RE123	124	0.083951	4.23	0	0	2.3373e-05	0.00023206	-0.010543	-0.53059	0.079137	0.37931	0.5957	0.99032	-0.046663	-2.3511	0	0	0.018716	0.21679	-0.068167	-3.4342	0	0	0.00059431	0.0051631
RE7	63	0.0079792	0.30534	0.82374	0.92339	0.76011	0.93353	0.0045027	0.17217	0.85612	0.97761	0.86331	0.99032	0.017443	0.66791	0.24101	0.49265	0.50419	0.994	0.01308	0.5008	0.26619	0.43529	0.61651	0.98292
RE22	228	0.044852	3.1344	0	0	0.001722	0.011398	-0.0086434	-0.60345	0.043165	0.27273	0.54621	0.99032	-0.013383	-0.93557	0.010791	0.05	0.3495	0.994	-0.035244	-2.4634	0	0	0.013762	0.086949
RE130	88	-0.01864	-0.85856	0.021583	0.081081	0.39058	0.9045	0.0087873	0.40456	0.86691	0.97761	0.6858	0.99032	0.0062805	0.28944	0.96043	0.98551	0.77224	0.994	0.037679	1.7366	0.0071942	0.028571	0.082459	0.36974
RE39	31	0.0067011	0.15403	0.89928	0.94697	0.87758	0.96078	0.039589	0.90955	0.053957	0.3125	0.36306	0.99032	0.014891	0.34246	0.51079	0.76064	0.732	0.994	-0.018887	-0.4343	0.26619	0.43529	0.66407	0.98292
RE120	98	0.020012	0.83548	0.39568	0.61798	0.40345	0.9045	0.0011084	0.046237	0.60432	0.86224	0.96312	0.99032	-0.027734	-1.1583	0.086331	0.26087	0.24674	0.994	-0.023793	-0.99369	0.1259	0.25735	0.32037	0.94315
RE97	65	0.08705	3.1862	0	0	0.0014416	0.010019	0.012035	0.44004	0.69424	0.90654	0.65991	0.99032	-0.039296	-1.4383	0	0	0.15035	0.94991	-0.13438	-4.916	0	0	8.8313e-07	1.116e-05
RE113	68	0.012495	0.47665	0.86691	0.94141	0.63361	0.92585	-0.001465	-0.055837	0.44964	0.78125	0.95547	0.99032	0.00698	0.2664	0.93165	0.96642	0.78993	0.994	0.0010421	0.039771	0.8777	0.92279	0.96828	0.98361
RE36	53	0.017844	0.60659	0.60432	0.77523	0.54412	0.92585	0.00023383	0.0079414	0.56115	0.83158	0.99366	0.99366	-0.01337	-0.45475	0.068345	0.23171	0.64929	0.994	-0.0063943	-0.21748	0.58273	0.7087	0.82783	0.98361
RE72	39	0.011135	0.27302	0.96043	0.96739	0.78484	0.93353	0.0094677	0.23197	0.88129	0.97761	0.81656	0.99032	0.0058916	0.14454	0.97482	0.98551	0.88507	0.994	-0.0021869	-0.053647	0.89209	0.92279	0.95722	0.98361
RE62	23	0.028273	0.64272	0.40647	0.62088	0.52041	0.92585	0.041811	0.94986	0.10432	0.42647	0.34218	0.99032	0.015519	0.35296	0.57914	0.79703	0.72412	0.994	0.052325	1.1902	0.043165	0.11538	0.23396	0.79317
RE37	18	-0.020966	-0.33277	0.20504	0.43284	0.73931	0.93353	0.077448	1.2289	0.0035971	0.038462	0.2191	0.99032	0.058257	0.92575	0.0071942	0.038462	0.35458	0.994	0.044422	0.70582	0.064748	0.16071	0.4803	0.98292
RE57	167	0.77798	12.661	0	0	9.7799e-37	1.3594e-34	-0.46974	-7.5704	0	0	3.7212e-14	5.1724e-12	-0.55208	-8.9161	0	0	4.8288e-19	6.7121e-17	-0.59815	-9.6546	0	0	4.6983e-22	2.1769e-20
RE71	54	0.079947	2.7486	0	0	0.0059856	0.036174	0.0063157	0.21675	0.93525	0.97761	0.8284	0.99032	-0.031205	-1.073	0	0	0.28328	0.994	-0.067827	-2.3314	0	0	0.01973	0.11427
RE103	33	-0.0026401	-0.071765	0.47482	0.69271	0.94279	0.96359	0.010659	0.28946	0.82374	0.97761	0.77223	0.99032	-0.0091034	-0.24766	0.31295	0.57143	0.80439	0.994	0.034111	0.92823	0.068345	0.16667	0.35329	0.969
RE81	55	0.025701	0.92684	0.23381	0.45139	0.35401	0.9045	0.017336	0.62456	0.5036	0.8046	0.53226	0.99032	0.013843	0.49957	0.48561	0.74725	0.61738	0.994	-0.01319	-0.47591	0.26259	0.43529	0.63414	0.98292
RE138	64	0.0055552	0.22629	0.66906	0.8087	0.82098	0.94311	0.0052406	0.21336	0.88129	0.97761	0.83104	0.99032	0.0023039	0.093885	0.76259	0.86885	0.9252	0.994	-0.01152	-0.46941	0.32734	0.49457	0.63878	0.98292
RE111	168	0.025533	1.483	0.010791	0.046875	0.13806	0.58153	0.016589	0.96265	0.089928	0.39062	0.33573	0.99032	-0.010657	-0.61932	0.0035971	0.02	0.53571	0.994	-0.002428	-0.1411	0.67626	0.78992	0.88779	0.98361
RE35	41	0.018004	0.58534	0.6259	0.79091	0.55832	0.92585	0.028335	0.9206	0.15468	0.52439	0.35726	0.99032	-0.013976	-0.4546	0.14029	0.35455	0.6494	0.994	-0.034653	-1.127	0.043165	0.11538	0.25975	0.83964
RE129	45	-0.042515	-1.3988	0	0	0.16189	0.60817	-0.0009121	-0.029994	0.56115	0.83158	0.97607	0.99032	0.027779	0.91465	0.07554	0.24419	0.36037	0.994	0.051246	1.6874	0.0035971	0.015625	0.091523	0.39755
RE12	20	-0.1231	-2.7259	0	0	0.0064121	0.037137	0.013597	0.30107	0.67986	0.90654	0.76336	0.99032	0.074397	1.6497	0	0	0.098996	0.72423	0.13857	3.0733	0	0	0.0021168	0.017308
RE73	33	0.023145	0.58487	0.47842	0.69271	0.55864	0.92585	0.033472	0.84512	0.11511	0.45714	0.39804	0.99032	0.013779	0.34842	0.58993	0.79808	0.72753	0.994	0.010378	0.2624	0.56835	0.7087	0.79301	0.98292
RE5	15	0.020616	0.47373	0.69424	0.82479	0.63569	0.92585	-0.01998	-0.45873	0.28058	0.7193	0.64643	0.99032	-0.023743	-0.54578	0.15827	0.375	0.58522	0.994	-0.015721	-0.36137	0.51799	0.66667	0.71783	0.98292
RE134	45	0.022343	0.65729	0.44245	0.66667	0.51099	0.92585	0.026347	0.77449	0.16906	0.55952	0.43864	0.99032	-0.01442	-0.4244	0.10791	0.30612	0.67128	0.994	-0.021701	-0.63866	0.11871	0.25735	0.52305	0.98292
RE88	73	0.068947	2.5208	0.017986	0.069444	0.011707	0.062589	0.0004425	0.016159	0.60791	0.86224	0.98711	0.99366	-0.030374	-1.1107	0.053957	0.19737	0.26669	0.994	-0.049488	-1.8094	0.039568	0.11	0.070391	0.34944
RE43	70	0.022643	0.85719	0.35252	0.59756	0.39134	0.9045	0.035628	1.3477	0.032374	0.225	0.17775	0.99032	0.007868	0.29805	0.83094	0.91339	0.76567	0.994	-0.008581	-0.32502	0.43165	0.60784	0.74517	0.98292
RE34	12	0.00011068	0.0019663	0.71942	0.84034	0.99843	0.99843	0.0029378	0.052164	0.88489	0.97761	0.9584	0.99032	0.023686	0.42101	0.48921	0.74725	0.67375	0.994	0.0030512	0.054228	0.89209	0.92279	0.95675	0.98361
RE18	67	-0.0097292	-0.43756	0.11871	0.29464	0.66171	0.92585	0.0036663	0.16479	0.7446	0.94954	0.86911	0.99032	0.0029177	0.13129	0.78058	0.875	0.89555	0.994	-0.0066514	-0.29928	0.57194	0.7087	0.76473	0.98292
RE135	38	0.024823	0.72777	0.33453	0.57407	0.46676	0.91638	0.017727	0.51928	0.47842	0.8046	0.60357	0.99032	-0.012095	-0.35478	0.16187	0.375	0.72275	0.994	-0.039363	-1.1544	0.010791	0.039474	0.24833	0.82187
RE133	35	0.022588	0.6553	0.46403	0.68617	0.51227	0.92585	0.0047441	0.13758	0.89209	0.97761	0.89057	0.99032	-0.0068122	-0.19766	0.3705	0.6131	0.84331	0.994	-0.019281	-0.55941	0.22302	0.37805	0.57588	0.98292
RE58	55	0.95275	6.9588	0	0	3.4328e-12	9.5432e-11	-0.64027	-4.61	0	0	4.0274e-06	0.0001866	-0.65865	-4.7603	0	0	1.9327e-06	6.716e-05	-0.71624	-5.1719	0	0	2.3169e-07	3.2205e-06
RE110	84	0.01906	0.76474	0.38849	0.61798	0.44443	0.91441	0.018708	0.74988	0.26978	0.7193	0.45333	0.99032	-0.0028885	-0.11597	0.32734	0.57595	0.90767	0.994	-0.01635	-0.65636	0.10791	0.2459	0.5116	0.98292
RE63	38	0.0022676	0.073998	0.60072	0.77523	0.94101	0.96359	0.0073249	0.23897	0.95683	0.98162	0.81113	0.99032	-0.0031981	-0.10438	0.51439	0.76064	0.91687	0.994	-0.02088	-0.68145	0.13309	0.26429	0.49559	0.98292
RE74	43	0.012535	0.44598	0.84532	0.93254	0.65561	0.92585	0.029429	1.0463	0.057554	0.32	0.29541	0.99032	0.01814	0.64579	0.29496	0.56081	0.51842	0.994	0.0041565	0.14796	0.74101	0.81746	0.88238	0.98361
RE14	8	0.01156	0.11431	0.95324	0.96715	0.90899	0.96359	0.022985	0.22697	0.63669	0.885	0.82044	0.99032	0.035225	0.34883	0.36691	0.6131	0.72722	0.994	0.0066705	0.066037	0.77698	0.83721	0.94735	0.98361
RE50	71	-0.23552	-6.4129	0	0	1.4281e-10	2.8358e-09	0.024365	0.66393	0.15468	0.52439	0.50673	0.99032	0.13471	3.6781	0	0	0.00023494	0.0048231	0.22197	6.0627	0	0	1.3389e-09	2.3264e-08
RE6	10	-0.010321	-0.20636	0.55396	0.77	0.83651	0.95307	0.034717	0.69402	0.32374	0.72388	0.48767	0.99032	-0.005234	-0.10466	0.66906	0.82301	0.91664	0.994	0.019203	0.38399	0.47482	0.62264	0.70099	0.98292
RE100	19	0.050171	0.75506	0.082734	0.23469	0.45021	0.91441	0.030844	0.46357	0.28058	0.7193	0.64295	0.99032	-0.025894	-0.38986	0.10072	0.29167	0.69664	0.994	-0.055088	-0.82919	0.014388	0.05	0.407	0.98292
RE112	160	0.010806	0.62816	0.94245	0.96324	0.5299	0.92585	-0.0064395	-0.37401	0.014388	0.10526	0.7084	0.99032	0.0030927	0.17988	0.57914	0.79703	0.85725	0.994	0.01014	0.58975	0.079137	0.18644	0.55536	0.98292
RE101	26	0.020904	0.50136	0.60791	0.77523	0.61612	0.92585	-0.0045654	-0.10942	0.51799	0.80899	0.91287	0.99032	-0.0049437	-0.11862	0.53597	0.78125	0.90558	0.994	-0.027152	-0.65142	0.15108	0.28378	0.51477	0.98292
RE95	11	0.14154	2.6367	0.0035971	0.016667	0.0083707	0.046541	0.050766	0.945	0.15108	0.52439	0.34466	0.99032	-0.0063246	-0.11781	0.64029	0.82273	0.90622	0.994	-0.13366	-2.4886	0	0	0.012823	0.084876
RE99	43	0.037243	1.3284	0.068345	0.19792	0.18406	0.62618	0.041471	1.4782	0.010791	0.09375	0.13935	0.99032	-0.0057671	-0.20577	0.35252	0.60494	0.83697	0.994	0.011883	0.42401	0.3705	0.55319	0.67156	0.98292
RE77	37	-0.030521	-0.80721	0.046763	0.1413	0.41955	0.90676	-0.0091432	-0.24163	0.33094	0.72388	0.80907	0.99032	-0.016855	-0.44616	0.11871	0.32692	0.65548	0.994	-0.026485	-0.70098	0.093525	0.21667	0.48331	0.98292
RE42	55	-0.0033269	-0.1156	0.28058	0.51299	0.90797	0.96359	0.0076619	0.26608	0.92086	0.97761	0.79018	0.99032	-0.00014655	-0.0050944	0.64748	0.82273	0.99594	0.99937	-0.0066998	-0.23289	0.58633	0.7087	0.81584	0.98361
RE136	32	0.0087438	0.26307	0.93525	0.96296	0.7925	0.93353	0.0046735	0.1405	0.88849	0.97761	0.88826	0.99032	0.0071838	0.21626	0.90647	0.95455	0.82879	0.994	0.0055498	0.16706	0.73741	0.81746	0.86732	0.98361
RE70	46	0.046627	1.5164	0.010791	0.046875	0.12941	0.58153	0.017791	0.57801	0.43525	0.78125	0.56326	0.99032	0.011831	0.38498	0.63309	0.82273	0.70025	0.994	-0.0015861	-0.051605	0.92086	0.93431	0.95884	0.98361
RE128	62	-0.015851	-0.59521	0.028777	0.1	0.55171	0.92585	0.010163	0.38137	0.82374	0.97761	0.70293	0.99032	0.011256	0.42298	0.59712	0.79808	0.67231	0.994	0.026153	0.98283	0.02518	0.077778	0.32569	0.94315
RE108	50	-0.0033227	-0.1017	0.32734	0.56875	0.919	0.96359	0.0012114	0.037048	0.65108	0.89604	0.97045	0.99032	0.016272	0.49836	0.32374	0.57595	0.61823	0.994	-0.01863	-0.57047	0.15108	0.28378	0.56836	0.98292
RE104	13	0.040418	0.81144	0.28417	0.51299	0.41711	0.90676	0.032608	0.65429	0.35971	0.72464	0.51293	0.99032	-0.04276	-0.85857	0.079137	0.25	0.39058	0.994	-0.038477	-0.77256	0.16547	0.30128	0.43979	0.98292
RE107	83	0.016505	0.7253	0.54676	0.76768	0.46827	0.91638	-0.0023425	-0.10284	0.34892	0.72388	0.91809	0.99032	0.0045079	0.19822	0.84532	0.91797	0.84287	0.994	-0.0036156	-0.15897	0.73381	0.81746	0.87369	0.98361
RE4	44	-0.014781	-0.48918	0.11151	0.29464	0.62472	0.92585	0.028026	0.92687	0.11871	0.45833	0.354	0.99032	0.024042	0.79655	0.13669	0.35185	0.42571	0.994	-0.027494	-0.91061	0.046763	0.12264	0.3625	0.969
RE32	21	0.066259	1.3521	0.035971	0.11628	0.17633	0.62618	0.024914	0.5079	0.3741	0.72917	0.61152	0.99032	0.062586	1.278	0.010791	0.05	0.20127	0.994	0.0050384	0.10285	0.77338	0.83721	0.91808	0.98361
RE60	69	0.09858	3.7011	0	0	0.0002147	0.0018731	-0.033802	-1.2674	0.0035971	0.038462	0.20501	0.99032	-0.020452	-0.76786	0.028777	0.11429	0.44257	0.994	-0.02716	-1.0196	0.032374	0.097826	0.30789	0.94315
RE68	87	0.02602	0.97604	0.15827	0.36667	0.32905	0.88551	0.0040926	0.15336	0.75899	0.95045	0.87812	0.99032	9.2552e-05	0.0034738	0.51439	0.76064	0.99723	0.99937	0.0067823	0.25456	0.44604	0.60784	0.79906	0.98292
RE16	11	-0.036957	-0.37362	0.11511	0.29464	0.70869	0.93353	0.042892	0.43347	0.23381	0.67708	0.66467	0.99032	0.019525	0.19755	0.56115	0.79592	0.8434	0.994	0.036262	0.3669	0.20504	0.35185	0.7137	0.98292
RE3	7	-0.0088545	-0.1771	0.60072	0.77523	0.85943	0.96078	-0.015127	-0.30233	0.56475	0.83158	0.7624	0.99032	0.014223	0.28464	0.76978	0.86992	0.77592	0.994	-0.015432	-0.30879	0.66547	0.7839	0.75748	0.98292
RE94	29	0.037538	0.7489	0.20863	0.43284	0.45391	0.91441	0.026808	0.53456	0.29496	0.7193	0.59295	0.99032	-0.024049	-0.47987	0.061151	0.21795	0.63132	0.994	-0.033446	-0.66733	0.071942	0.17241	0.50456	0.98292
RE125	42	0.056352	1.6496	0.028777	0.1	0.099019	0.47461	-0.0025769	-0.07534	0.48921	0.8046	0.93994	0.99032	-0.02874	-0.84155	0.021583	0.088235	0.40004	0.994	-0.04246	-1.2431	0.035971	0.10638	0.21382	0.78211
RE24	31	0.025622	0.7149	0.39568	0.61798	0.47467	0.91638	0.024448	0.68168	0.32374	0.72388	0.49544	0.99032	0.039806	1.1113	0.014388	0.0625	0.26644	0.994	0.013332	0.37214	0.42806	0.60784	0.70979	0.98292
RE59	26	0.21622	3.4883	0	0	0.00048604	0.0037533	-0.089656	-1.4426	0	0	0.14913	0.99032	-0.067763	-1.0924	0	0	0.27467	0.994	-0.073906	-1.1913	0	0	0.23353	0.79317
RE92	13	0.021553	0.30212	0.68345	0.81897	0.76256	0.93353	0.023989	0.33542	0.54676	0.83158	0.7373	0.99032	-0.026191	-0.36767	0.21583	0.45455	0.71312	0.994	-0.1313	-1.8396	0.0035971	0.015625	0.065823	0.33887
RE33	28	0.0033958	0.083743	0.74101	0.85124	0.93326	0.96359	0.036494	0.89957	0.1223	0.45946	0.36835	0.99032	0.012513	0.30873	0.65108	0.82273	0.75753	0.994	-0.033671	-0.8306	0.057554	0.14545	0.4062	0.98292
RE20	43	-0.023998	-0.89794	0.017986	0.069444	0.36922	0.9045	0.0083888	0.31377	0.89928	0.97761	0.7537	0.99032	0.023911	0.89516	0.1223	0.32692	0.3707	0.994	0.0075108	0.28116	0.57554	0.7087	0.77859	0.98292
RE8	58	0.029646	1.1527	0.16187	0.36885	0.24905	0.76928	0.03419	1.3285	0.082734	0.38333	0.18402	0.99032	0.0078147	0.30397	0.83453	0.91339	0.76115	0.994	-0.0058693	-0.22828	0.68345	0.79167	0.81943	0.98361
RE21	18	0.029961	0.5733	0.40288	0.62088	0.56644	0.92585	0.0035504	0.067886	0.88849	0.97761	0.94588	0.99032	-0.017784	-0.34038	0.26259	0.52083	0.73357	0.994	-0.031262	-0.59833	0.16906	0.30128	0.54962	0.98292
RE119	48	0.02704	1.1539	0.29137	0.51923	0.24853	0.76928	-0.0065632	-0.27991	0.33453	0.72388	0.77954	0.99032	0.0038143	0.16283	0.85252	0.9186	0.87065	0.994	0.0091307	0.38977	0.44604	0.60784	0.6967	0.98292
RE124	14	0.043304	0.99231	0.20863	0.43284	0.32104	0.88551	0.0084653	0.19385	0.98201	0.98913	0.84629	0.99032	-0.0072128	-0.16532	0.55036	0.78866	0.86869	0.994	-0.066105	-1.5148	0.0071942	0.028571	0.12981	0.5307
RE69	14	0.021583	0.36198	0.64748	0.79646	0.71737	0.93353	0.0035432	0.059391	0.8741	0.97761	0.95264	0.99032	-0.012774	-0.2143	0.38849	0.63529	0.83031	0.994	0.0074897	0.12565	0.75899	0.83071	0.90001	0.98361
RE26	36	0.015266	0.42004	0.72662	0.84167	0.67445	0.92585	0.017772	0.48856	0.46403	0.7963	0.62515	0.99032	0.0069918	0.19252	0.92086	0.96241	0.84733	0.994	0.024531	0.67551	0.13309	0.26429	0.49935	0.98292
RE117	22	0.020831	0.44475	0.59712	0.77523	0.6565	0.92585	0.011733	0.2503	0.79856	0.97761	0.80236	0.99032	-0.011724	-0.25042	0.31655	0.57143	0.80226	0.994	0.0013377	0.028574	0.96403	0.96403	0.9772	0.98429
RE116	54	0.0082082	0.27644	0.88849	0.94697	0.78221	0.93353	0.0023053	0.077587	0.6223	0.87374	0.93816	0.99032	0.0061202	0.20623	0.97842	0.98551	0.83662	0.994	-0.012568	-0.42345	0.29137	0.46552	0.67197	0.98292
RE44	4	0.092526	0.78109	0.11871	0.29464	0.43475	0.91441	0.047156	0.39746	0.43885	0.78125	0.69103	0.99032	-9.3288e-05	-0.00078774	0.89209	0.94656	0.99937	0.99937	0.036036	0.30436	0.46763	0.62264	0.76085	0.98292
RE54	13	-0.11756	-1.4913	0.014388	0.058824	0.13588	0.58153	0.12875	1.6341	0.014388	0.10526	0.10223	0.99032	-0.014646	-0.18601	0.41007	0.65517	0.85244	0.994	-0.070551	-0.89576	0.02518	0.077778	0.37038	0.97138
RE91	12	0.011773	0.15371	0.93525	0.96296	0.87784	0.96078	-0.031612	-0.41207	0.19424	0.6	0.68029	0.99032	-0.020743	-0.27103	0.26978	0.52083	0.78637	0.994	-0.074126	-0.9681	0.0035971	0.015625	0.333	0.94462
RE102	27	0.058059	1.3836	0.043165	0.13636	0.16647	0.60894	0.015294	0.36417	0.69424	0.90654	0.71573	0.99032	-0.035814	-0.85362	0.043165	0.16667	0.39331	0.994	-0.10189	-2.4277	0.0071942	0.028571	0.015196	0.091835
RE47	23	-0.17595	-3.4348	0	0	0.00059297	0.0043381	-0.021967	-0.42886	0.17626	0.56977	0.66803	0.99032	0.090847	1.7764	0.017986	0.075758	0.075666	0.65735	0.14086	2.7547	0	0	0.0058737	0.043147
RE83	28	-0.018057	-0.44516	0.13309	0.31897	0.65621	0.92585	0.012687	0.31258	0.69784	0.90654	0.7546	0.99032	0.036713	0.90588	0.046763	0.17568	0.365	0.994	0.025293	0.62406	0.13669	0.26761	0.53259	0.98292
RE23	33	0.034405	0.91133	0.22662	0.44366	0.36212	0.9045	0.023245	0.61515	0.34892	0.72388	0.53845	0.99032	0.0054567	0.14462	0.9964	0.9964	0.88501	0.994	-0.057282	-1.5175	0.039568	0.11	0.12913	0.5307
RE11	12	-0.015306	-0.26908	0.3777	0.61765	0.78787	0.93353	-0.02627	-0.46158	0.26978	0.7193	0.64438	0.99032	-0.0062172	-0.10935	0.60432	0.8	0.91293	0.994	-0.010228	-0.17988	0.70863	0.80738	0.85724	0.98361
RE131	12	0.022697	0.3113	0.63669	0.79464	0.75557	0.93353	0.027951	0.38267	0.44964	0.78125	0.70197	0.99032	-0.0028332	-0.038911	0.69065	0.83333	0.96896	0.99937	-0.0032945	-0.045244	0.89928	0.92279	0.96391	0.98361
RE75	12	0.022529	0.42058	0.64029	0.79464	0.67406	0.92585	0.062255	1.1616	0.061151	0.32692	0.2454	0.99032	0.023461	0.43824	0.48921	0.74725	0.66122	0.994	0.036948	0.69019	0.15468	0.28667	0.49007	0.98292
RE118	16	-0.028939	-0.63689	0.11511	0.29464	0.52419	0.92585	0.029613	0.65122	0.3777	0.72917	0.51491	0.99032	-0.027088	-0.59687	0.1223	0.32692	0.55059	0.994	0.014238	0.31383	0.54317	0.69266	0.75365	0.98292
RE19	3	0.17596	0.84212	0.014388	0.058824	0.39972	0.9045	0.027448	0.13037	0.71942	0.92593	0.89627	0.99032	-0.052295	-0.24966	0.2554	0.51449	0.80285	0.994	0.074225	0.35547	0.17986	0.31646	0.72224	0.98292
RE115	7	0.0034234	0.036564	0.84532	0.93254	0.97083	0.98501	0.0051432	0.054904	0.94245	0.97761	0.95622	0.99032	0.036386	0.38881	0.35971	0.60976	0.69742	0.994	0.066405	0.70961	0.053957	0.13889	0.47795	0.98292
RE2	9	0.013916	0.27301	0.89928	0.94697	0.78484	0.93353	-0.011849	-0.23219	0.5036	0.8046	0.81639	0.99032	-0.0033767	-0.066292	0.72662	0.84874	0.94715	0.994	-0.0037807	-0.07422	0.90288	0.92279	0.94084	0.98361
RE41	14	0.023033	0.34692	0.60791	0.77523	0.72866	0.93353	0.040051	0.60305	0.20144	0.6087	0.54648	0.99032	0.011762	0.1772	0.83094	0.91339	0.85935	0.994	0.02149	0.32375	0.39928	0.58421	0.74613	0.98292
RE10	7	0.040841	0.50226	0.3777	0.61765	0.61549	0.92585	-0.03097	-0.38031	0.29496	0.7193	0.70371	0.99032	0.019362	0.23826	0.69065	0.83333	0.81168	0.994	-0.014438	-0.17762	0.69424	0.79752	0.85902	0.98361
RE27	12	-0.02689	-0.41268	0.20504	0.43284	0.67984	0.92585	-0.010671	-0.16367	0.52878	0.81667	0.86999	0.99032	-0.035238	-0.54103	0.082734	0.25556	0.58849	0.994	-0.037629	-0.57771	0.1223	0.25735	0.56346	0.98292
RE86	12	0.028847	0.38744	0.51439	0.73469	0.69843	0.93348	0.033714	0.45212	0.33453	0.72388	0.65118	0.99032	0.0060201	0.08095	0.97842	0.98551	0.93548	0.994	-0.0042774	-0.057508	0.8705	0.92279	0.95414	0.98361
RE109	12	0.028107	0.40428	0.51799	0.73469	0.68601	0.92585	0.061449	0.88362	0.064748	0.33333	0.3769	0.99032	0.04043	0.58167	0.14388	0.35714	0.56079	0.994	0.010973	0.15785	0.65827	0.78205	0.87457	0.98361
RE29	20	0.010709	0.23925	0.99281	0.99281	0.81091	0.93931	-0.040626	-0.90682	0.014388	0.10526	0.3645	0.99032	0.01553	0.34714	0.65108	0.82273	0.72849	0.994	-0.032065	-0.71657	0.11871	0.25735	0.47364	0.98292
RE9	7	0.00082434	0.012346	0.78777	0.89024	0.99015	0.99732	0.0030061	0.044992	0.91727	0.97761	0.96411	0.99032	-0.0082291	-0.1233	0.65827	0.82301	0.90187	0.994	0.046937	0.70338	0.19784	0.34375	0.48182	0.98292
RE28	6	-0.046572	-0.4042	0.21942	0.44286	0.68606	0.92585	-0.018866	-0.16328	0.49281	0.8046	0.8703	0.99032	-0.0070375	-0.061332	0.70144	0.83333	0.95109	0.994	0.09111	0.79567	0.021583	0.071429	0.42622	0.98292
RE132	5	0.015362	0.16437	0.92446	0.96296	0.86944	0.96078	-0.037997	-0.40646	0.31655	0.72388	0.6844	0.99032	-0.0061719	-0.06604	0.73741	0.85417	0.94735	0.994	-0.029635	-0.31708	0.48561	0.63084	0.75118	0.98292
